47
 0 98 9 2  1  6
 1 177 28 6  0  2  6  14  18  21
 2 190 31 4  1  5  13  14
 3 854 38 1  8
 4 478 52 5  5  7  10  13  20
 5 356 56 3  2  4  13
 6 68 59 4  0  1  16  18
 7 574 87 5  4  10  11  12  19
 8 826 90 3  3  9  15
 9 819 97 3  8  11  15
 10 536 101 5  4  7  12  20  25
 11 796 103 7  7  9  12  15  17  19  23
 12 627 118 7  7  10  11  19  24  25  26
 13 349 120 6  2  4  5  14  20  22
 14 245 126 6  1  2  13  21  22  27
 15 843 138 4  8  9  11  17
 16 36 144 3  6  18  35
 17 829 159 3  11  15  23
 18 99 160 5  1  6  16  21  35
 19 780 171 7  7  11  12  23  24  28  29
 20 504 173 6  4  10  13  22  25  30
 21 190 179 6  1  14  18  27  35  36
 22 344 181 6  13  14  20  27  30  32
 23 796 182 4  11  17  19  28
 24 702 188 5  12  19  26  29  33
 25 586 190 6  10  12  20  26  30  33
 26 629 202 4  12  24  25  33
 27 262 214 7  14  21  22  32  35  36  38
 28 784 219 4  19  23  29  31
 29 710 222 5  19  24  28  31  33
 30 513 234 8  20  22  25  32  33  37  38  40
 31 752 235 5  28  29  33  34  37
 32 370 247 4  22  27  30  38
 33 645 257 7  24  25  26  29  30  31  37
 34 796 284 4  31  37  41  42
 35 170 287 5  16  18  21  27  36
 36 251 298 5  21  27  35  38  39
 37 701 301 8  30  31  33  34  40  42  43  44
 38 351 308 6  27  30  32  36  39  40
 39 348 318 4  36  38  40  45
 40 540 320 6  30  37  38  39  44  45
 41 714 329 2  34  42
 42 675 338 5  34  37  41  43  46
 43 639 342 5  37  42  44  45  46
 44 593 346 4  37  40  43  45
 45 541 390 4  39  40  43  44
 46 720 422 2  42  43
